0.000000 00 00 00 00 00 00 00 00 00
0.020056 00 00 00 00 00 00 00 00 00
0.040112 00 00 00 00 00 00 00 00 00
0.060168 00 00 00 00 00 00 00 00 00
0.080223 00 00 00 00 00 00 00 00 00
0.100279 00 00 00 00 00 00 00 00 00
0.120335 00 00 00 00 00 00 00 00 00
0.140391 00 00 00 00 00 00 00 00 00
0.160447 00 00 00 00 00 00 00 00 00
0.180503 00 00 00 00 00 00 00 00 00
0.200559 00 00 00 00 00 00 00 00 00
0.220614 00 00 00 00 00 00 00 00 00
0.240670 00 00 00 00 00 00 00 00 00
0.260726 00 00 00 00 00 00 00 00 00
0.280782 00 00 00 00 00 00 00 00 00
0.300838 00 00 00 00 00 00 00 00 00
0.320894 00 00 00 00 00 00 00 00 00
0.340950 00 00 00 00 00 00 00 00 00
0.361005 00 00 00 00 00 00 00 00 00
0.381061 00 00 00 00 00 00 00 00 00
0.401117 00 00 00 00 00 00 00 00 00
0.421173 35 A8 57 C8 00 00 00 00 00
0.441229 35 A8 57 C8 00 00 00 00 00
0.461285 35 A8 57 C8 00 00 00 00 00
0.481341 35 A8 57 C8 00 00 00 00 00
0.501396 35 A8 57 C8 00 00 00 00 00
0.521452 35 A8 57 C8 00 00 00 00 00
0.541508 35 A8 57 C8 00 00 00 00 00
0.561564 35 A8 57 C8 00 00 00 00 00
0.581620 35 A8 57 C8 00 00 00 00 00
0.601676 35 A7 57 C7 00 00 00 00 00
0.621732 35 A7 57 C7 00 00 00 00 00
0.641787 35 A7 57 C7 00 00 00 00 00
0.661843 35 A7 57 C7 00 00 00 00 00
0.681899 35 A7 57 C7 00 00 00 00 00
0.701955 35 A7 57 C7 00 00 00 00 00
0.722011 35 A7 57 C7 00 00 00 00 00
0.742067 35 A7 57 C7 00 00 00 00 00
0.762123 35 A7 57 C7 00 00 00 00 00
0.782178 35 A7 57 C7 00 00 00 00 00
0.802234 35 A7 57 C7 00 00 00 00 00
0.822290 35 A7 57 C7 00 00 00 00 00
0.842346 35 A7 57 C7 00 00 00 00 00
0.862402 35 A7 57 C7 00 00 00 00 00
0.882458 35 A6 57 C6 00 00 00 00 00
0.902514 35 A6 57 C6 00 00 00 00 00
0.922569 35 A6 57 C6 00 00 00 00 00
0.942625 35 A6 57 C6 00 00 00 00 00
0.962681 35 A6 57 C6 00 00 00 00 00
0.982737 35 A6 57 C6 00 00 00 00 00
1.002793 35 A6 57 C6 00 00 00 00 00
1.022849 35 A6 57 C6 00 00 00 00 00
1.042905 35 A6 57 C6 00 00 00 00 00
1.062960 51 A8 57 C6 00 00 00 00 00
1.083016 51 A8 57 C6 00 00 00 00 00
1.103072 51 A8 57 C6 00 00 00 00 00
1.123128 51 A8 57 C6 00 00 00 00 00
1.143184 51 A8 57 C6 00 00 00 00 00
1.163240 51 A7 57 C5 00 00 00 00 00
1.183296 51 A7 57 C5 00 00 00 00 00
1.203351 51 A7 57 C5 00 00 00 00 00
1.223407 51 A7 57 C5 00 00 00 00 00
1.243463 51 A7 57 C5 00 00 00 00 00
1.263519 51 A7 57 C5 00 00 00 00 00
1.283575 51 A7 57 C5 00 00 00 00 00
1.303631 51 A7 57 C5 00 00 00 00 00
1.323687 51 A7 57 C5 00 00 00 00 00
1.343742 51 A7 57 C5 00 00 00 00 00
1.363798 51 A7 57 C5 00 00 00 00 00
1.383854 51 A7 57 C5 00 00 00 00 00
1.403910 51 A7 57 C5 00 00 00 00 00
1.423966 51 A7 57 C5 00 00 00 00 00
1.444022 51 A6 57 C4 00 00 00 00 00
1.464078 51 A6 57 C4 00 00 00 00 00
1.484133 51 A6 57 C4 00 00 00 00 00
1.504189 51 A6 57 C4 00 00 00 00 00
1.524245 51 A6 57 C4 00 00 00 00 00
1.544301 51 A6 57 C4 00 00 00 00 00
1.564357 51 A6 57 C4 00 00 00 00 00
1.584413 51 A6 57 C4 00 00 00 00 00
1.604469 51 A6 57 C4 00 00 00 00 00
1.624524 51 A6 57 C4 00 00 00 00 00
1.644580 51 A6 57 C4 00 00 00 00 00
1.664636 51 A6 57 C4 00 00 00 00 00
1.684692 51 A6 57 C4 00 00 00 00 00
1.704748 44 A8 48 C8 00 00 00 00 00
1.724804 44 A7 48 C7 00 00 00 00 00
1.744860 44 A7 48 C7 00 00 00 00 00
1.764915 44 A7 48 C7 00 00 00 00 00
1.784971 44 A7 48 C7 00 00 00 00 00
1.805027 44 A7 48 C7 00 00 00 00 00
1.825083 44 A7 48 C7 00 00 00 00 00
1.845139 44 A7 48 C7 00 00 00 00 00
1.865195 44 A7 48 C7 00 00 00 00 00
1.885251 44 A7 48 C7 00 00 00 00 00
1.905306 44 A7 48 C7 00 00 00 00 00
1.925362 44 A7 48 C7 00 00 00 00 00
1.945418 44 A7 48 C7 00 00 00 00 00
1.965474 44 A7 48 C7 00 00 00 00 00
1.985530 44 A7 48 C7 00 00 00 00 00
2.005586 44 A6 48 C6 00 00 00 00 00
2.025642 44 A6 48 C6 00 00 00 00 00
2.045697 44 A6 48 C6 00 00 00 00 00
2.065753 44 A6 48 C6 00 00 00 00 00
2.085809 44 A6 48 C6 00 00 00 00 00
2.105865 44 A6 48 C6 00 00 00 00 00
2.125921 44 A6 48 C6 00 00 00 00 00
2.145977 44 A6 48 C6 00 00 00 00 00
2.166033 44 A6 48 C6 00 00 00 00 00
2.186088 44 A6 48 C6 00 00 00 00 00
2.206144 44 A6 48 C6 00 00 00 00 00
2.226200 44 A6 48 C6 00 00 00 00 00
2.246256 44 A6 48 C6 00 00 00 00 00
2.266312 44 A6 48 C6 00 00 00 00 00
2.286368 44 A5 48 C5 00 00 00 00 00
2.306424 44 A5 48 C5 00 00 00 00 00
2.326479 44 A5 48 C5 00 00 00 00 00
2.346535 51 A8 48 C5 00 00 00 00 00
2.366591 51 A8 48 C5 00 00 00 00 00
2.386647 51 A8 48 C5 00 00 00 00 00
2.406703 51 A8 48 C5 00 00 00 00 00
2.426759 51 A8 48 C5 00 00 00 00 00
2.446815 51 A8 48 C5 00 00 00 00 00
2.466870 51 A8 48 C5 00 00 00 00 00
2.486926 51 A8 48 C5 00 00 00 00 00
2.506982 51 A8 48 C5 00 00 00 00 00
2.527038 51 A8 48 C5 00 00 00 00 00
2.547094 51 A8 48 C5 00 00 00 00 00
2.567150 51 A7 48 C4 00 00 00 00 00
2.587206 51 A7 48 C4 00 00 00 00 00
2.607261 51 A7 48 C4 00 00 00 00 00
2.627317 51 A7 48 C4 00 00 00 00 00
2.647373 51 A7 48 C4 00 00 00 00 00
2.667429 51 A7 48 C4 00 00 00 00 00
2.687485 51 A7 48 C4 00 00 00 00 00
2.707541 51 A7 48 C4 00 00 00 00 00
2.727597 51 A7 48 C4 00 00 00 00 00
2.747652 51 A7 48 C4 00 00 00 00 00
2.767708 51 A7 48 C4 00 00 00 00 00
2.787764 51 A7 48 C4 00 00 00 00 00
2.807820 51 A7 48 C4 00 00 00 00 00
2.827876 51 A7 48 C4 00 00 00 00 00
2.847932 51 A6 48 C3 00 00 00 00 00
2.867988 51 A6 48 C3 00 00 00 00 00
2.888043 51 A6 48 C3 00 00 00 00 00
2.908099 51 A6 48 C3 00 00 00 00 00
2.928155 51 A6 48 C3 00 00 00 00 00
2.948211 51 A6 48 C3 00 00 00 00 00
2.968267 51 A6 48 C3 00 00 00 00 00
2.988323 3C A8 3F C8 00 00 00 00 00
3.008379 3C A8 3F C8 00 00 00 00 00
3.028434 3C A8 3F C8 00 00 00 00 00
3.048490 3C A8 3F C8 00 00 00 00 00
3.068546 3C A8 3F C8 00 00 00 00 00
3.088602 3C A8 3F C8 00 00 00 00 00
3.108658 3C A8 3F C8 00 00 00 00 00
3.128714 3C A7 3F C7 00 00 00 00 00
3.148770 3C A7 3F C7 00 00 00 00 00
3.168825 3C A7 3F C7 00 00 00 00 00
3.188881 3C A7 3F C7 00 00 00 00 00
3.208937 3C A7 3F C7 00 00 00 00 00
3.228993 3C A7 3F C7 00 00 00 00 00
3.249049 3C A7 3F C7 00 00 00 00 00
3.269105 3C A7 3F C7 00 00 00 00 00
3.289161 3C A7 3F C7 00 00 00 00 00
3.309216 3C A7 3F C7 00 00 00 00 00
3.329272 3C A7 3F C7 00 00 00 00 00
3.349328 3C A7 3F C7 00 00 00 00 00
3.369384 3C A7 3F C7 00 00 00 00 00
3.389440 3C A7 3F C7 00 00 00 00 00
3.409496 3C A6 3F C6 00 00 00 00 00
3.429552 3C A6 3F C6 00 00 00 00 00
3.449607 3C A6 3F C6 00 00 00 00 00
3.469663 3C A6 3F C6 00 00 00 00 00
3.489719 3C A6 3F C6 00 00 00 00 00
3.509775 3C A6 3F C6 00 00 00 00 00
3.529831 3C A6 3F C6 00 00 00 00 00
3.549887 3C A6 3F C6 00 00 00 00 00
3.569943 3C A6 3F C6 00 00 00 00 00
3.589998 3C A6 3F C6 00 00 00 00 00
3.610054 3C A6 3F C6 00 00 00 00 00
3.630110 3C A6 3F C6 00 00 00 00 00
3.650166 3C A6 3F C6 00 00 00 00 00
3.670222 3C A6 3F C6 00 00 00 00 00
3.690278 3C A5 3F C5 00 00 00 00 00
3.710334 3C A5 3F C5 00 00 00 00 00
3.730389 3C A5 3F C5 00 00 00 00 00
3.750445 3C A5 3F C5 00 00 00 00 00
3.770501 3C A5 3F C5 00 00 00 00 00
3.790557 3C A5 3F C5 00 00 00 00 00
3.810613 3C A5 3F C5 00 00 00 00 00
3.830669 3C A5 3F C5 00 00 00 00 00
3.850725 3C A5 3F C5 00 00 00 00 00
3.870780 3C A5 3F C5 00 00 00 00 00
3.890836 3C A5 3F C5 00 00 00 00 00
3.910892 3C A5 3F C5 00 00 00 00 00
3.930948 3C A5 3F C5 00 00 00 00 00
3.951004 3C A5 3F C5 00 00 00 00 00
3.971060 3C A4 3F C4 00 00 00 00 00
3.991116 3C A4 3F C4 00 00 00 00 00
4.011171 3C A4 3F C4 00 00 00 00 00
4.031227 3C A4 3F C4 00 00 00 00 00
4.051283 3C A4 3F C4 00 00 00 00 00
4.071339 3C A4 3F C4 00 00 00 00 00
4.091395 3C A4 3F C4 00 00 00 00 00
4.111451 3C A4 3F C4 00 00 00 00 00
4.131507 3C A4 3F C4 00 00 00 00 00
4.151562 3C A4 3F C4 00 00 00 00 00
4.171618 3C A4 3F C4 00 00 00 00 00
4.191674 3C A4 3F C4 00 00 00 00 00
4.211730 3C A4 3F C4 00 00 00 00 00
4.231786 3C A4 3F C4 00 00 00 00 00
4.251842 3C A3 3F C3 00 00 00 00 00
4.271898 44 A8 48 C8 00 00 00 00 00
4.291953 44 A8 48 C8 00 00 00 00 00
4.312009 44 A8 48 C8 00 00 00 00 00
4.332065 44 A8 48 C8 00 00 00 00 00
4.352121 44 A8 48 C8 00 00 00 00 00
4.372177 44 A8 48 C8 00 00 00 00 00
4.392233 44 A8 48 C8 00 00 00 00 00
4.412289 44 A8 48 C8 00 00 00 00 00
4.432344 44 A8 48 C8 00 00 00 00 00
4.452400 44 A8 48 C8 00 00 00 00 00
4.472456 44 A8 48 C8 00 00 00 00 00
4.492512 44 A8 48 C8 00 00 00 00 00
4.512568 44 A8 48 C8 00 00 00 00 00
4.532624 44 A7 48 C7 00 00 00 00 00
4.552680 44 A7 48 C7 00 00 00 00 00
4.572735 44 A7 48 C7 00 00 00 00 00
4.592791 48 A8 48 C7 00 00 00 00 00
4.612847 48 A8 48 C7 00 00 00 00 00
4.632903 48 A8 48 C7 00 00 00 00 00
4.652959 48 A8 48 C7 00 00 00 00 00
4.673015 48 A8 48 C7 00 00 00 00 00
4.693071 48 A8 48 C7 00 00 00 00 00
4.713126 48 A8 48 C7 00 00 00 00 00
4.733182 48 A8 48 C7 00 00 00 00 00
4.753238 48 A8 48 C7 00 00 00 00 00
4.773294 48 A8 48 C7 00 00 00 00 00
4.793350 48 A8 48 C7 00 00 00 00 00
4.813406 48 A7 48 C6 00 00 00 00 00
4.833462 48 A7 48 C6 00 00 00 00 00
4.853517 48 A7 48 C6 00 00 00 00 00
4.873573 48 A7 48 C6 00 00 00 00 00
4.893629 48 A7 48 C6 00 00 00 00 00
4.913685 51 A8 48 C6 00 00 00 00 00
4.933741 51 A8 48 C6 00 00 00 00 00
4.953797 51 A8 48 C6 00 00 00 00 00
4.973853 51 A8 48 C6 00 00 00 00 00
4.993908 51 A8 48 C6 00 00 00 00 00
5.013964 51 A8 48 C6 00 00 00 00 00
5.034020 51 A8 48 C6 00 00 00 00 00
5.054076 51 A8 48 C6 00 00 00 00 00
5.074132 51 A8 48 C6 00 00 00 00 00
5.094188 51 A7 48 C5 00 00 00 00 00
5.114244 51 A7 48 C5 00 00 00 00 00
5.134299 51 A7 48 C5 00 00 00 00 00
5.154355 51 A7 48 C5 00 00 00 00 00
5.174411 51 A7 48 C5 00 00 00 00 00
5.194467 51 A7 48 C5 00 00 00 00 00
5.214523 51 A7 48 C5 00 00 00 00 00
5.234579 51 A7 48 C5 00 00 00 00 00
5.254635 51 A7 48 C5 00 00 00 00 00
5.274690 51 A7 48 C5 00 00 00 00 00
5.294746 51 A7 48 C5 00 00 00 00 00
5.314802 51 A7 48 C5 00 00 00 00 00
5.334858 51 A7 48 C5 00 00 00 00 00
5.354914 51 A7 48 C5 00 00 00 00 00
5.374970 51 A6 48 C4 00 00 00 00 00
5.395026 51 A6 48 C4 00 00 00 00 00
5.415081 51 A6 48 C4 00 00 00 00 00
5.435137 51 A6 48 C4 00 00 00 00 00
5.455193 51 A6 48 C4 00 00 00 00 00
5.475249 51 A6 48 C4 00 00 00 00 00
5.495305 51 A6 48 C4 00 00 00 00 00
5.515361 51 A6 48 C4 00 00 00 00 00
5.535417 51 A6 48 C4 00 00 00 00 00
5.555472 35 A8 57 C8 00 00 00 00 00
5.575528 35 A8 57 C8 00 00 00 00 00
5.595584 35 A8 57 C8 00 00 00 00 00
5.615640 35 A8 57 C8 00 00 00 00 00
5.635696 35 A8 57 C8 00 00 00 00 00
5.655752 35 A7 57 C7 00 00 00 00 00
5.675808 35 A7 57 C7 00 00 00 00 00
5.695863 35 A7 57 C7 00 00 00 00 00
5.715919 35 A7 57 C7 00 00 00 00 00
5.735975 35 A7 57 C7 00 00 00 00 00
5.756031 35 A7 57 C7 00 00 00 00 00
5.776087 35 A7 57 C7 00 00 00 00 00
5.796143 35 A7 57 C7 00 00 00 00 00
5.816199 35 A7 57 C7 00 00 00 00 00
5.836254 35 A7 57 C7 00 00 00 00 00
5.856310 35 A7 57 C7 00 00 00 00 00
5.876366 35 A7 57 C7 00 00 00 00 00
5.896422 35 A7 57 C7 00 00 00 00 00
5.916478 35 A7 57 C7 00 00 00 00 00
5.936534 35 A6 57 C6 00 00 00 00 00
5.956590 35 A6 57 C6 00 00 00 00 00
5.976645 35 A6 57 C6 00 00 00 00 00
5.996701 35 A6 57 C6 00 00 00 00 00
6.016757 35 A6 57 C6 00 00 00 00 00
6.036813 35 A6 57 C6 00 00 00 00 00
6.056869 35 A6 57 C6 00 00 00 00 00
6.076925 35 A6 57 C6 00 00 00 00 00
6.096981 35 A6 57 C6 00 00 00 00 00
6.117036 35 A6 57 C6 00 00 00 00 00
6.137092 35 A6 57 C6 00 00 00 00 00
6.157148 35 A6 57 C6 00 00 00 00 00
6.177204 35 A6 57 C6 00 00 00 00 00
6.197260 51 A8 57 C6 00 00 00 00 00
6.217316 51 A7 57 C5 00 00 00 00 00
6.237372 51 A7 57 C5 00 00 00 00 00
6.257427 51 A7 57 C5 00 00 00 00 00
6.277483 51 A7 57 C5 00 00 00 00 00
6.297539 51 A7 57 C5 00 00 00 00 00
6.317595 51 A7 57 C5 00 00 00 00 00
6.337651 51 A7 57 C5 00 00 00 00 00
6.357707 51 A7 57 C5 00 00 00 00 00
6.377763 51 A7 57 C5 00 00 00 00 00
6.397818 51 A7 57 C5 00 00 00 00 00
6.417874 51 A7 57 C5 00 00 00 00 00
6.437930 51 A7 57 C5 00 00 00 00 00
6.457986 51 A7 57 C5 00 00 00 00 00
6.478042 51 A7 57 C5 00 00 00 00 00
6.498098 51 A6 57 C4 00 00 00 00 00
6.518154 51 A6 57 C4 00 00 00 00 00
6.538209 51 A6 57 C4 00 00 00 00 00
6.558265 51 A6 57 C4 00 00 00 00 00
6.578321 51 A6 57 C4 00 00 00 00 00
6.598377 51 A6 57 C4 00 00 00 00 00
6.618433 51 A6 57 C4 00 00 00 00 00
6.638489 51 A6 57 C4 00 00 00 00 00
6.658545 51 A6 57 C4 00 00 00 00 00
6.678600 51 A6 57 C4 00 00 00 00 00
6.698656 51 A6 57 C4 00 00 00 00 00
6.718712 51 A6 57 C4 00 00 00 00 00
6.738768 51 A6 57 C4 00 00 00 00 00
6.758824 51 A6 57 C4 00 00 00 00 00
6.778880 51 A5 57 C3 00 00 00 00 00
6.798936 51 A5 57 C3 00 00 00 00 00
6.818991 51 A5 57 C3 00 00 00 00 00
6.839047 44 A8 6C C8 00 00 00 00 00
6.859103 44 A8 6C C8 00 00 00 00 00
6.879159 44 A8 6C C8 00 00 00 00 00
6.899215 44 A8 6C C8 00 00 00 00 00
6.919271 44 A8 6C C8 00 00 00 00 00
6.939327 44 A8 6C C8 00 00 00 00 00
6.959382 44 A8 6C C8 00 00 00 00 00
6.979438 44 A8 6C C8 00 00 00 00 00
6.999494 44 A8 6C C8 00 00 00 00 00
7.019550 44 A8 6C C8 00 00 00 00 00
7.039606 44 A8 6C C8 00 00 00 00 00
7.059662 44 A7 6C C7 00 00 00 00 00
7.079718 44 A7 6C C7 00 00 00 00 00
7.099773 44 A7 6C C7 00 00 00 00 00
7.119829 44 A7 6C C7 00 00 00 00 00
7.139885 44 A7 6C C7 00 00 00 00 00
7.159941 44 A7 6C C7 00 00 00 00 00
7.179997 44 A7 6C C7 00 00 00 00 00
7.200053 44 A7 6C C7 00 00 00 00 00
7.220109 44 A7 6C C7 00 00 00 00 00
7.240164 44 A7 6C C7 00 00 00 00 00
7.260220 44 A7 6C C7 00 00 00 00 00
7.280276 44 A7 6C C7 00 00 00 00 00
7.300332 44 A7 6C C7 00 00 00 00 00
7.320388 44 A7 6C C7 00 00 00 00 00
7.340444 44 A6 6C C6 00 00 00 00 00
7.360500 44 A6 6C C6 00 00 00 00 00
7.380555 44 A6 6C C6 00 00 00 00 00
7.400611 44 A6 6C C6 00 00 00 00 00
7.420667 44 A6 6C C6 00 00 00 00 00
7.440723 44 A6 6C C6 00 00 00 00 00
7.460779 44 A6 6C C6 00 00 00 00 00
7.480835 51 A8 6C C6 00 00 00 00 00
7.500891 51 A8 6C C6 00 00 00 00 00
7.520946 51 A8 6C C6 00 00 00 00 00
7.541002 51 A8 6C C6 00 00 00 00 00
7.561058 51 A8 6C C6 00 00 00 00 00
7.581114 51 A8 6C C6 00 00 00 00 00
7.601170 51 A8 6C C6 00 00 00 00 00
7.621226 51 A7 6C C5 00 00 00 00 00
7.641282 51 A7 6C C5 00 00 00 00 00
7.661337 51 A7 6C C5 00 00 00 00 00
7.681393 51 A7 6C C5 00 00 00 00 00
7.701449 51 A7 6C C5 00 00 00 00 00
7.721505 51 A7 6C C5 00 00 00 00 00
7.741561 51 A7 6C C5 00 00 00 00 00
7.761617 51 A7 6C C5 00 00 00 00 00
7.781673 51 A7 6C C5 00 00 00 00 00
7.801728 51 A7 6C C5 00 00 00 00 00
7.821784 51 A7 6C C5 00 00 00 00 00
7.841840 51 A7 6C C5 00 00 00 00 00
7.861896 51 A7 6C C5 00 00 00 00 00
7.881952 51 A7 6C C5 00 00 00 00 00
7.902008 51 A6 6C C4 00 00 00 00 00
7.922064 51 A6 6C C4 00 00 00 00 00
7.942119 51 A6 6C C4 00 00 00 00 00
7.962175 51 A6 6C C4 00 00 00 00 00
7.982231 51 A6 6C C4 00 00 00 00 00
8.002287 51 A6 6C C4 00 00 00 00 00
8.022343 51 A6 6C C4 00 00 00 00 00
8.042399 51 A6 6C C4 00 00 00 00 00
8.062455 51 A6 6C C4 00 00 00 00 00
8.082511 51 A6 6C C4 00 00 00 00 00
8.102566 51 A6 6C C4 00 00 00 00 00
8.122622 5B A8 39 C8 00 00 00 00 00
8.142678 5B A8 39 C8 00 00 00 00 00
8.162734 5B A8 39 C8 00 00 00 00 00
8.182790 5B A7 39 C7 00 00 00 00 00
8.202846 5B A7 39 C7 00 00 00 00 00
8.222902 5B A7 39 C7 00 00 00 00 00
8.242957 5B A7 39 C7 00 00 00 00 00
8.263013 5B A7 39 C7 00 00 00 00 00
8.283069 5B A7 39 C7 00 00 00 00 00
8.303125 5B A7 39 C7 00 00 00 00 00
8.323181 5B A7 39 C7 00 00 00 00 00
8.343237 5B A7 39 C7 00 00 00 00 00
8.363293 5B A7 39 C7 00 00 00 00 00
8.383348 5B A7 39 C7 00 00 00 00 00
8.403404 5B A7 39 C7 00 00 00 00 00
8.423460 5B A7 39 C7 00 00 00 00 00
8.443516 6C A8 39 C7 00 00 00 00 00
8.463572 6C A7 39 C6 00 00 00 00 00
8.483628 6C A7 39 C6 00 00 00 00 00
8.503684 6C A7 39 C6 00 00 00 00 00
8.523739 6C A7 39 C6 00 00 00 00 00
8.543795 6C A7 39 C6 00 00 00 00 00
8.563851 6C A7 39 C6 00 00 00 00 00
8.583907 6C A7 39 C6 00 00 00 00 00
8.603963 6C A7 39 C6 00 00 00 00 00
8.624019 6C A7 39 C6 00 00 00 00 00
8.644075 6C A7 39 C6 00 00 00 00 00
8.664130 6C A7 39 C6 00 00 00 00 00
8.684186 6C A7 39 C6 00 00 00 00 00
8.704242 6C A7 39 C6 00 00 00 00 00
8.724298 6C A7 39 C6 00 00 00 00 00
8.744354 6C A6 39 C5 00 00 00 00 00
8.764410 5B A8 39 C5 00 00 00 00 00
8.784466 5B A8 39 C5 00 00 00 00 00
8.804521 5B A8 39 C5 00 00 00 00 00
8.824577 5B A8 39 C5 00 00 00 00 00
8.844633 5B A8 39 C5 00 00 00 00 00
8.864689 5B A8 39 C5 00 00 00 00 00
8.884745 5B A8 39 C5 00 00 00 00 00
8.904801 5B A8 39 C5 00 00 00 00 00
8.924857 5B A8 39 C5 00 00 00 00 00
8.944912 5B A8 39 C5 00 00 00 00 00
8.964968 5B A8 39 C5 00 00 00 00 00
8.985024 5B A8 39 C5 00 00 00 00 00
9.005080 5B A8 39 C5 00 00 00 00 00
9.025136 5B A7 39 C4 00 00 00 00 00
9.045192 5B A7 39 C4 00 00 00 00 00
9.065248 5B A7 39 C4 00 00 00 00 00
9.085303 5B A7 39 C4 00 00 00 00 00
9.105359 5B A7 39 C4 00 00 00 00 00
9.125415 5B A7 39 C4 00 00 00 00 00
9.145471 5B A7 39 C4 00 00 00 00 00
9.165527 5B A7 39 C4 00 00 00 00 00
9.185583 5B A7 39 C4 00 00 00 00 00
9.205639 5B A7 39 C4 00 00 00 00 00
9.225694 5B A7 39 C4 00 00 00 00 00
9.245750 5B A7 39 C4 00 00 00 00 00
9.265806 5B A7 39 C4 00 00 00 00 00
9.285862 5B A7 39 C4 00 00 00 00 00
9.305918 5B A6 39 C3 00 00 00 00 00
9.325974 5B A6 39 C3 00 00 00 00 00
9.346030 5B A6 39 C3 00 00 00 00 00
9.366085 5B A6 39 C3 00 00 00 00 00
9.386141 5B A6 39 C3 00 00 00 00 00
9.406197 51 A8 57 C8 00 00 00 00 00
9.426253 51 A8 57 C8 00 00 00 00 00
9.446309 51 A8 57 C8 00 00 00 00 00
9.466365 51 A8 57 C8 00 00 00 00 00
9.486421 51 A8 57 C8 00 00 00 00 00
9.506476 51 A8 57 C8 00 00 00 00 00
9.526532 51 A8 57 C8 00 00 00 00 00
9.546588 51 A8 57 C8 00 00 00 00 00
9.566644 51 A8 57 C8 00 00 00 00 00
9.586700 51 A7 57 C7 00 00 00 00 00
9.606756 51 A7 57 C7 00 00 00 00 00
9.626812 51 A7 57 C7 00 00 00 00 00
9.646867 51 A7 57 C7 00 00 00 00 00
9.666923 51 A7 57 C7 00 00 00 00 00
9.686979 51 A7 57 C7 00 00 00 00 00
9.707035 51 A7 57 C7 00 00 00 00 00
9.727091 51 A7 57 C7 00 00 00 00 00
9.747147 51 A7 57 C7 00 00 00 00 00
9.767203 51 A7 57 C7 00 00 00 00 00
9.787258 51 A7 57 C7 00 00 00 00 00
9.807314 51 A7 57 C7 00 00 00 00 00
9.827370 51 A7 57 C7 00 00 00 00 00
9.847426 51 A7 57 C7 00 00 00 00 00
9.867482 51 A6 57 C6 00 00 00 00 00
9.887538 51 A6 57 C6 00 00 00 00 00
9.907594 51 A6 57 C6 00 00 00 00 00
9.927649 51 A6 57 C6 00 00 00 00 00
9.947705 51 A6 57 C6 00 00 00 00 00
9.967761 51 A6 57 C6 00 00 00 00 00
9.987817 51 A6 57 C6 00 00 00 00 00
10.007873 51 A6 57 C6 00 00 00 00 00
10.027929 51 A6 57 C6 00 00 00 00 00
10.047985 51 A6 57 C6 00 00 00 00 00
10.068040 51 A6 57 C6 00 00 00 00 00
10.088096 51 A6 57 C6 00 00 00 00 00
10.108152 51 A6 57 C6 00 00 00 00 00
10.128208 51 A6 57 C6 00 00 00 00 00
10.148264 51 A5 57 C5 00 00 00 00 00
10.168320 51 A5 57 C5 00 00 00 00 00
10.188376 51 A5 57 C5 00 00 00 00 00
10.208431 51 A5 57 C5 00 00 00 00 00
10.228487 51 A5 57 C5 00 00 00 00 00
10.248543 51 A5 57 C5 00 00 00 00 00
10.268599 51 A5 57 C5 00 00 00 00 00
10.288655 51 A5 57 C5 00 00 00 00 00
10.308711 51 A5 57 C5 00 00 00 00 00
10.328767 51 A5 57 C5 00 00 00 00 00
10.348822 51 A5 57 C5 00 00 00 00 00
10.368878 51 A5 57 C5 00 00 00 00 00
10.388934 51 A5 57 C5 00 00 00 00 00
10.408990 51 A5 57 C5 00 00 00 00 00
10.429046 51 A4 57 C4 00 00 00 00 00
10.449102 51 A4 57 C4 00 00 00 00 00
10.469158 51 A4 57 C4 00 00 00 00 00
10.489213 51 A4 57 C4 00 00 00 00 00
10.509269 51 A4 57 C4 00 00 00 00 00
10.529325 51 A4 57 C4 00 00 00 00 00
10.549381 51 A4 57 C4 00 00 00 00 00
10.569437 51 A4 57 C4 00 00 00 00 00
10.589493 51 A4 57 C4 00 00 00 00 00
10.609549 51 A4 57 C4 00 00 00 00 00
10.629604 51 A4 57 C4 00 00 00 00 00
10.649660 51 A4 57 C4 00 00 00 00 00
10.669716 51 A4 57 C4 00 00 00 00 00
10.689772 35 A8 57 C4 00 00 00 00 00
10.709828 35 A7 57 C3 00 00 00 00 00
10.729884 35 A7 57 C3 00 00 00 00 00
10.749940 35 A7 57 C3 00 00 00 00 00
10.769995 35 A7 57 C3 00 00 00 00 00
10.790051 35 A7 57 C3 00 00 00 00 00
10.810107 35 A7 57 C3 00 00 00 00 00
10.830163 35 A7 57 C3 00 00 00 00 00
10.850219 35 A7 57 C3 00 00 00 00 00
10.870275 35 A7 57 C3 00 00 00 00 00
10.890331 35 A7 57 C3 00 00 00 00 00
10.910386 35 A7 57 C3 00 00 00 00 00
10.930442 35 A7 57 C3 00 00 00 00 00
10.950498 35 A7 57 C3 00 00 00 00 00
10.970554 35 A7 57 C3 00 00 00 00 00
10.990610 35 A6 57 C2 00 00 00 00 00
11.010666 35 A6 57 C2 00 00 00 00 00
11.030722 35 A6 57 C2 00 00 00 00 00
11.050777 35 A6 57 C2 00 00 00 00 00
11.070833 35 A6 57 C2 00 00 00 00 00
11.090889 35 A6 57 C2 00 00 00 00 00
11.110945 35 A6 57 C2 00 00 00 00 00
11.131001 35 A6 57 C2 00 00 00 00 00
11.151057 35 A6 57 C2 00 00 00 00 00
11.171113 35 A6 57 C2 00 00 00 00 00
11.191168 35 A6 57 C2 00 00 00 00 00
11.211224 35 A6 57 C2 00 00 00 00 00
11.231280 35 A6 57 C2 00 00 00 00 00
11.251336 35 A6 57 C2 00 00 00 00 00
11.271392 35 A5 57 C1 00 00 00 00 00
11.291448 35 A5 57 C1 00 00 00 00 00
11.311504 35 A5 57 C1 00 00 00 00 00
11.331559 51 A8 57 C1 00 00 00 00 00
11.351615 51 A8 57 C1 00 00 00 00 00
11.371671 51 A8 57 C1 00 00 00 00 00
11.391727 51 A8 57 C1 00 00 00 00 00
11.411783 51 A8 57 C1 00 00 00 00 00
11.431839 51 A8 57 C1 00 00 00 00 00
11.451895 51 A8 57 C1 00 00 00 00 00
11.471950 51 A8 57 C1 00 00 00 00 00
11.492006 51 A8 57 C1 00 00 00 00 00
11.512062 51 A8 57 C1 00 00 00 00 00
11.532118 51 A8 57 C1 00 00 00 00 00
11.552174 51 A7 57 C0 00 00 00 00 00
11.572230 51 A7 57 C0 00 00 00 00 00
11.592286 51 A7 57 C0 00 00 00 00 00
11.612341 51 A7 57 C0 00 00 00 00 00
11.632397 51 A7 57 C0 00 00 00 00 00
11.652453 51 A7 57 C0 00 00 00 00 00
11.672509 51 A7 57 C0 00 00 00 00 00
11.692565 51 A7 57 C0 00 00 00 00 00
11.712621 51 A7 57 C0 00 00 00 00 00
11.732677 51 A7 57 C0 00 00 00 00 00
11.752732 51 A7 57 C0 00 00 00 00 00
11.772788 51 A7 57 C0 00 00 00 00 00
11.792844 51 A7 57 C0 00 00 00 00 00
11.812900 51 A7 57 C0 00 00 00 00 00
11.832956 51 A6 57 00 00 00 00 00 00
11.853012 51 A6 57 00 00 00 00 00 00
11.873068 51 A6 57 00 00 00 00 00 00
11.893123 51 A6 57 00 00 00 00 00 00
11.913179 51 A6 57 00 00 00 00 00 00
11.933235 51 A6 57 00 00 00 00 00 00
11.953291 51 A6 57 00 00 00 00 00 00
11.973347 44 A8 48 C8 00 00 00 00 00
11.993403 44 A8 48 C8 00 00 00 00 00
12.013459 44 A8 48 C8 00 00 00 00 00
12.033514 44 A8 48 C8 00 00 00 00 00
12.053570 44 A8 48 C8 00 00 00 00 00
12.073626 44 A8 48 C8 00 00 00 00 00
12.093682 44 A8 48 C8 00 00 00 00 00
12.113738 44 A7 48 C7 00 00 00 00 00
12.133794 44 A7 48 C7 00 00 00 00 00
12.153850 44 A7 48 C7 00 00 00 00 00
12.173905 44 A7 48 C7 00 00 00 00 00
12.193961 44 A7 48 C7 00 00 00 00 00
12.214017 44 A7 48 C7 00 00 00 00 00
12.234073 44 A7 48 C7 00 00 00 00 00
12.254129 44 A7 48 C7 00 00 00 00 00
12.274185 44 A7 48 C7 00 00 00 00 00
12.294241 44 A7 48 C7 00 00 00 00 00
12.314296 44 A7 48 C7 00 00 00 00 00
12.334352 44 A7 48 C7 00 00 00 00 00
12.354408 44 A7 48 C7 00 00 00 00 00
12.374464 44 A7 48 C7 00 00 00 00 00
12.394520 44 A6 48 C6 00 00 00 00 00
12.414576 44 A6 48 C6 00 00 00 00 00
12.434632 44 A6 48 C6 00 00 00 00 00
12.454687 44 A6 48 C6 00 00 00 00 00
12.474743 44 A6 48 C6 00 00 00 00 00
12.494799 44 A6 48 C6 00 00 00 00 00
12.514855 44 A6 48 C6 00 00 00 00 00
12.534911 44 A6 48 C6 00 00 00 00 00
12.554967 44 A6 48 C6 00 00 00 00 00
12.575023 44 A6 48 C6 00 00 00 00 00
12.595078 44 A6 48 C6 00 00 00 00 00
12.615134 51 A8 48 C6 00 00 00 00 00
12.635190 51 A8 48 C6 00 00 00 00 00
12.655246 51 A8 48 C6 00 00 00 00 00
12.675302 51 A7 48 C5 00 00 00 00 00
12.695358 51 A7 48 C5 00 00 00 00 00
12.715414 51 A7 48 C5 00 00 00 00 00
12.735469 51 A7 48 C5 00 00 00 00 00
12.755525 51 A7 48 C5 00 00 00 00 00
12.775581 51 A7 48 C5 00 00 00 00 00
12.795637 51 A7 48 C5 00 00 00 00 00
12.815693 51 A7 48 C5 00 00 00 00 00
12.835749 51 A7 48 C5 00 00 00 00 00
12.855805 51 A7 48 C5 00 00 00 00 00
12.875860 51 A7 48 C5 00 00 00 00 00
12.895916 51 A7 48 C5 00 00 00 00 00
12.915972 51 A7 48 C5 00 00 00 00 00
12.936028 51 A7 48 C5 00 00 00 00 00
12.956084 51 A6 48 C4 00 00 00 00 00
12.976140 51 A6 48 C4 00 00 00 00 00
12.996196 51 A6 48 C4 00 00 00 00 00
13.016251 51 A6 48 C4 00 00 00 00 00
13.036307 51 A6 48 C4 00 00 00 00 00
13.056363 51 A6 48 C4 00 00 00 00 00
13.076419 51 A6 48 C4 00 00 00 00 00
13.096475 51 A6 48 C4 00 00 00 00 00
13.116531 51 A6 48 C4 00 00 00 00 00
13.136587 51 A6 48 C4 00 00 00 00 00
13.156642 51 A6 48 C4 00 00 00 00 00
13.176698 51 A6 48 C4 00 00 00 00 00
13.196754 51 A6 48 C4 00 00 00 00 00
13.216810 51 A6 48 C4 00 00 00 00 00
13.236866 51 A5 48 C3 00 00 00 00 00
13.256922 3C A8 3F C8 00 00 00 00 00
13.276978 3C A8 3F C8 00 00 00 00 00
13.297033 3C A8 3F C8 00 00 00 00 00
13.317089 3C A8 3F C8 00 00 00 00 00
13.337145 3C A8 3F C8 00 00 00 00 00
13.357201 3C A8 3F C8 00 00 00 00 00
13.377257 3C A8 3F C8 00 00 00 00 00
13.397313 3C A8 3F C8 00 00 00 00 00
13.417369 3C A8 3F C8 00 00 00 00 00
13.437424 3C A8 3F C8 00 00 00 00 00
13.457480 3C A8 3F C8 00 00 00 00 00
13.477536 3C A8 3F C8 00 00 00 00 00
13.497592 3C A8 3F C8 00 00 00 00 00
13.517648 3C A7 3F C7 00 00 00 00 00
13.537704 3C A7 3F C7 00 00 00 00 00
13.557760 3C A7 3F C7 00 00 00 00 00
13.577815 3C A7 3F C7 00 00 00 00 00
13.597871 3C A7 3F C7 00 00 00 00 00
13.617927 3C A7 3F C7 00 00 00 00 00
13.637983 3C A7 3F C7 00 00 00 00 00
13.658039 3C A7 3F C7 00 00 00 00 00
13.678095 3C A7 3F C7 00 00 00 00 00
13.698151 3C A7 3F C7 00 00 00 00 00
13.718206 3C A7 3F C7 00 00 00 00 00
13.738262 3C A7 3F C7 00 00 00 00 00
13.758318 3C A7 3F C7 00 00 00 00 00
13.778374 3C A7 3F C7 00 00 00 00 00
13.798430 3C A6 3F C6 00 00 00 00 00
13.818486 3C A6 3F C6 00 00 00 00 00
13.838542 3C A6 3F C6 00 00 00 00 00
13.858597 3C A6 3F C6 00 00 00 00 00
13.878653 3C A6 3F C6 00 00 00 00 00
13.898709 44 A8 3F C6 00 00 00 00 00
13.918765 44 A8 3F C6 00 00 00 00 00
13.938821 44 A8 3F C6 00 00 00 00 00
13.958877 44 A8 3F C6 00 00 00 00 00
13.978933 44 A8 3F C6 00 00 00 00 00
13.998988 44 A8 3F C6 00 00 00 00 00
14.019044 44 A8 3F C6 00 00 00 00 00
14.039100 44 A8 3F C6 00 00 00 00 00
14.059156 44 A8 3F C6 00 00 00 00 00
14.079212 44 A7 3F C5 00 00 00 00 00
14.099268 44 A7 3F C5 00 00 00 00 00
14.119324 44 A7 3F C5 00 00 00 00 00
14.139379 44 A7 3F C5 00 00 00 00 00
14.159435 44 A7 3F C5 00 00 00 00 00
14.179491 44 A7 3F C5 00 00 00 00 00
14.199547 44 A7 3F C5 00 00 00 00 00
14.219603 3C A8 3F C5 00 00 00 00 00
14.239659 3C A8 3F C5 00 00 00 00 00
14.259715 3C A8 3F C5 00 00 00 00 00
14.279770 3C A8 3F C5 00 00 00 00 00
14.299826 3C A8 3F C5 00 00 00 00 00
14.319882 3C A8 3F C5 00 00 00 00 00
14.339938 3C A8 3F C5 00 00 00 00 00
14.359994 3C A7 3F C4 00 00 00 00 00
14.380050 3C A7 3F C4 00 00 00 00 00
14.400106 3C A7 3F C4 00 00 00 00 00
14.420161 3C A7 3F C4 00 00 00 00 00
14.440217 3C A7 3F C4 00 00 00 00 00
14.460273 3C A7 3F C4 00 00 00 00 00
14.480329 3C A7 3F C4 00 00 00 00 00
14.500385 3C A7 3F C4 00 00 00 00 00
14.520441 3C A7 3F C4 00 00 00 00 00
14.540497 44 A8 48 C8 00 00 00 00 00
14.560552 44 A8 48 C8 00 00 00 00 00
14.580608 44 A8 48 C8 00 00 00 00 00
14.600664 44 A8 48 C8 00 00 00 00 00
14.620720 44 A8 48 C8 00 00 00 00 00
14.640776 44 A7 48 C7 00 00 00 00 00
14.660832 44 A7 48 C7 00 00 00 00 00
14.680888 44 A7 48 C7 00 00 00 00 00
14.700943 44 A7 48 C7 00 00 00 00 00
14.720999 44 A7 48 C7 00 00 00 00 00
14.741055 44 A7 48 C7 00 00 00 00 00
14.761111 44 A7 48 C7 00 00 00 00 00
14.781167 44 A7 48 C7 00 00 00 00 00
14.801223 44 A7 48 C7 00 00 00 00 00
14.821279 44 A7 48 C7 00 00 00 00 00
14.841334 44 A7 48 C7 00 00 00 00 00
14.861390 48 A8 48 C7 00 00 00 00 00
14.881446 48 A8 48 C7 00 00 00 00 00
14.901502 48 A8 48 C7 00 00 00 00 00
14.921558 48 A7 48 C6 00 00 00 00 00
14.941614 48 A7 48 C6 00 00 00 00 00
14.961670 48 A7 48 C6 00 00 00 00 00
14.981725 48 A7 48 C6 00 00 00 00 00
15.001781 48 A7 48 C6 00 00 00 00 00
15.021837 48 A7 48 C6 00 00 00 00 00
15.041893 48 A7 48 C6 00 00 00 00 00
15.061949 48 A7 48 C6 00 00 00 00 00
15.082005 48 A7 48 C6 00 00 00 00 00
15.102061 48 A7 48 C6 00 00 00 00 00
15.122116 48 A7 48 C6 00 00 00 00 00
15.142172 48 A7 48 C6 00 00 00 00 00
15.162228 48 A7 48 C6 00 00 00 00 00
15.182284 51 A8 48 C6 00 00 00 00 00
15.202340 51 A7 48 C5 00 00 00 00 00
15.222396 51 A7 48 C5 00 00 00 00 00
15.242452 51 A7 48 C5 00 00 00 00 00
15.262507 51 A7 48 C5 00 00 00 00 00
15.282563 51 A7 48 C5 00 00 00 00 00
15.302619 51 A7 48 C5 00 00 00 00 00
15.322675 51 A7 48 C5 00 00 00 00 00
15.342731 51 A7 48 C5 00 00 00 00 00
15.362787 51 A7 48 C5 00 00 00 00 00
15.382843 51 A7 48 C5 00 00 00 00 00
15.402898 51 A7 48 C5 00 00 00 00 00
15.422954 51 A7 48 C5 00 00 00 00 00
15.443010 51 A7 48 C5 00 00 00 00 00
15.463066 51 A7 48 C5 00 00 00 00 00
15.483122 51 A6 48 C4 00 00 00 00 00
15.503178 51 A6 48 C4 00 00 00 00 00
15.523234 51 A6 48 C4 00 00 00 00 00
15.543289 51 A6 48 C4 00 00 00 00 00
15.563345 51 A6 48 C4 00 00 00 00 00
15.583401 51 A6 48 C4 00 00 00 00 00
15.603457 51 A6 48 C4 00 00 00 00 00
15.623513 51 A6 48 C4 00 00 00 00 00
15.643569 51 A6 48 C4 00 00 00 00 00
15.663625 51 A6 48 C4 00 00 00 00 00
15.683680 51 A6 48 C4 00 00 00 00 00
15.703736 51 A6 48 C4 00 00 00 00 00
15.723792 51 A6 48 C4 00 00 00 00 00
15.743848 51 A6 48 C4 00 00 00 00 00
15.763904 51 A5 48 C3 00 00 00 00 00
15.783960 51 A5 48 C3 00 00 00 00 00
15.804016 51 A5 48 C3 00 00 00 00 00
15.824071 35 A8 57 C8 00 00 00 00 00
15.844127 35 A8 57 C8 00 00 00 00 00
15.864183 35 A8 57 C8 00 00 00 00 00
15.884239 35 A8 57 C8 00 00 00 00 00
15.904295 35 A8 57 C8 00 00 00 00 00
15.924351 35 A8 57 C8 00 00 00 00 00
15.944407 35 A8 57 C8 00 00 00 00 00
15.964462 35 A8 57 C8 00 00 00 00 00
15.984518 35 A8 57 C8 00 00 00 00 00
16.004574 35 A8 57 C8 00 00 00 00 00
16.024630 35 A8 57 C8 00 00 00 00 00
16.044686 35 A7 57 C7 00 00 00 00 00
16.064742 35 A7 57 C7 00 00 00 00 00
16.084798 35 A7 57 C7 00 00 00 00 00
16.104853 35 A7 57 C7 00 00 00 00 00
16.124909 35 A7 57 C7 00 00 00 00 00
16.144965 3C A8 57 C7 00 00 00 00 00
16.165021 3C A8 57 C7 00 00 00 00 00
16.185077 3C A8 57 C7 00 00 00 00 00
16.205133 3C A8 57 C7 00 00 00 00 00
16.225189 3C A8 57 C7 00 00 00 00 00
16.245244 3C A8 57 C7 00 00 00 00 00
16.265300 3C A8 57 C7 00 00 00 00 00
16.285356 3C A8 57 C7 00 00 00 00 00
16.305412 3C A8 57 C7 00 00 00 00 00
16.325468 3C A7 57 C6 00 00 00 00 00
16.345524 3C A7 57 C6 00 00 00 00 00
16.365580 3C A7 57 C6 00 00 00 00 00
16.385635 3C A7 57 C6 00 00 00 00 00
16.405691 3C A7 57 C6 00 00 00 00 00
16.425747 3C A7 57 C6 00 00 00 00 00
16.445803 3C A7 57 C6 00 00 00 00 00
16.465859 35 A8 57 C6 00 00 00 00 00
16.485915 35 A8 57 C6 00 00 00 00 00
16.505971 35 A8 57 C6 00 00 00 00 00
16.526026 35 A8 57 C6 00 00 00 00 00
16.546082 35 A8 57 C6 00 00 00 00 00
16.566138 35 A8 57 C6 00 00 00 00 00
16.586194 35 A8 57 C6 00 00 00 00 00
16.606250 35 A7 57 C5 00 00 00 00 00
16.626306 35 A7 57 C5 00 00 00 00 00
16.646362 35 A7 57 C5 00 00 00 00 00
16.666417 35 A7 57 C5 00 00 00 00 00
16.686473 35 A7 57 C5 00 00 00 00 00
16.706529 35 A7 57 C5 00 00 00 00 00
16.726585 35 A7 57 C5 00 00 00 00 00
16.746641 35 A7 57 C5 00 00 00 00 00
16.766697 35 A7 57 C5 00 00 00 00 00
16.786753 51 A8 57 C5 00 00 00 00 00
16.806808 51 A8 57 C5 00 00 00 00 00
16.826864 51 A8 57 C5 00 00 00 00 00
16.846920 51 A8 57 C5 00 00 00 00 00
16.866976 51 A8 57 C5 00 00 00 00 00
16.887032 51 A7 57 C4 00 00 00 00 00
16.907088 51 A7 57 C4 00 00 00 00 00
16.927144 51 A7 57 C4 00 00 00 00 00
16.947199 51 A7 57 C4 00 00 00 00 00
16.967255 51 A7 57 C4 00 00 00 00 00
16.987311 51 A7 57 C4 00 00 00 00 00
17.007367 51 A7 57 C4 00 00 00 00 00
17.027423 51 A7 57 C4 00 00 00 00 00
17.047479 51 A7 57 C4 00 00 00 00 00
17.067535 51 A7 57 C4 00 00 00 00 00
17.087590 51 A7 57 C4 00 00 00 00 00
17.107646 44 A8 37 C8 00 00 00 00 00
17.127702 44 A8 37 C8 00 00 00 00 00
17.147758 44 A8 37 C8 00 00 00 00 00
17.167814 44 A7 37 C7 00 00 00 00 00
17.187870 44 A7 37 C7 00 00 00 00 00
17.207926 44 A7 37 C7 00 00 00 00 00
17.227981 44 A7 37 C7 00 00 00 00 00
17.248037 44 A7 37 C7 00 00 00 00 00
17.268093 44 A7 37 C7 00 00 00 00 00
17.288149 44 A7 37 C7 00 00 00 00 00
17.308205 44 A7 37 C7 00 00 00 00 00
17.328261 44 A7 37 C7 00 00 00 00 00
17.348317 44 A7 37 C7 00 00 00 00 00
17.368372 44 A7 37 C7 00 00 00 00 00
17.388428 44 A7 37 C7 00 00 00 00 00
17.408484 44 A7 37 C7 00 00 00 00 00
17.428540 51 A8 37 C7 00 00 00 00 00
17.448596 51 A7 37 C6 00 00 00 00 00
17.468652 51 A7 37 C6 00 00 00 00 00
17.488708 51 A7 37 C6 00 00 00 00 00
17.508763 51 A7 37 C6 00 00 00 00 00
17.528819 51 A7 37 C6 00 00 00 00 00
17.548875 51 A7 37 C6 00 00 00 00 00
17.568931 51 A7 37 C6 00 00 00 00 00
17.588987 51 A7 37 C6 00 00 00 00 00
17.609043 51 A7 37 C6 00 00 00 00 00
17.629099 51 A7 37 C6 00 00 00 00 00
17.649154 51 A7 37 C6 00 00 00 00 00
17.669210 51 A7 37 C6 00 00 00 00 00
17.689266 51 A7 37 C6 00 00 00 00 00
17.709322 51 A7 37 C6 00 00 00 00 00
17.729378 51 A6 37 C5 00 00 00 00 00
17.749434 48 A8 37 C5 00 00 00 00 00
17.769490 48 A8 37 C5 00 00 00 00 00
17.789545 48 A8 37 C5 00 00 00 00 00
17.809601 48 A8 37 C5 00 00 00 00 00
17.829657 48 A8 37 C5 00 00 00 00 00
17.849713 48 A8 37 C5 00 00 00 00 00
17.869769 48 A8 37 C5 00 00 00 00 00
17.889825 48 A8 37 C5 00 00 00 00 00
17.909881 48 A8 37 C5 00 00 00 00 00
17.929936 48 A8 37 C5 00 00 00 00 00
17.949992 48 A8 37 C5 00 00 00 00 00
17.970048 48 A8 37 C5 00 00 00 00 00
17.990104 48 A8 37 C5 00 00 00 00 00
18.010160 48 A7 37 C4 00 00 00 00 00
18.030216 48 A7 37 C4 00 00 00 00 00
18.050272 48 A7 37 C4 00 00 00 00 00
18.070327 51 A8 37 C4 00 00 00 00 00
18.090383 51 A8 37 C4 00 00 00 00 00
18.110439 51 A8 37 C4 00 00 00 00 00
18.130495 51 A8 37 C4 00 00 00 00 00
18.150551 51 A8 37 C4 00 00 00 00 00
18.170607 51 A8 37 C4 00 00 00 00 00
18.190663 51 A8 37 C4 00 00 00 00 00
18.210718 51 A8 37 C4 00 00 00 00 00
18.230774 51 A8 37 C4 00 00 00 00 00
18.250830 51 A8 37 C4 00 00 00 00 00
18.270886 51 A8 37 C4 00 00 00 00 00
18.290942 51 A7 37 C3 00 00 00 00 00
18.310998 51 A7 37 C3 00 00 00 00 00
18.331054 51 A7 37 C3 00 00 00 00 00
18.351109 51 A7 37 C3 00 00 00 00 00
18.371165 51 A7 37 C3 00 00 00 00 00
18.391221 5B A8 39 C8 00 00 00 00 00
18.411277 5B A8 39 C8 00 00 00 00 00
18.431333 5B A8 39 C8 00 00 00 00 00
18.451389 5B A8 39 C8 00 00 00 00 00
18.471445 5B A8 39 C8 00 00 00 00 00
18.491500 5B A8 39 C8 00 00 00 00 00
18.511556 5B A8 39 C8 00 00 00 00 00
18.531612 5B A8 39 C8 00 00 00 00 00
18.551668 5B A8 39 C8 00 00 00 00 00
18.571724 5B A7 39 C7 00 00 00 00 00
18.591780 5B A7 39 C7 00 00 00 00 00
18.611836 5B A7 39 C7 00 00 00 00 00
18.631891 5B A7 39 C7 00 00 00 00 00
18.651947 5B A7 39 C7 00 00 00 00 00
18.672003 5B A7 39 C7 00 00 00 00 00
18.692059 5B A7 39 C7 00 00 00 00 00
18.712115 6C A8 39 C7 00 00 00 00 00
18.732171 6C A8 39 C7 00 00 00 00 00
18.752227 6C A8 39 C7 00 00 00 00 00
18.772282 6C A8 39 C7 00 00 00 00 00
18.792338 6C A8 39 C7 00 00 00 00 00
18.812394 6C A8 39 C7 00 00 00 00 00
18.832450 6C A8 39 C7 00 00 00 00 00
18.852506 6C A7 39 C6 00 00 00 00 00
18.872562 6C A7 39 C6 00 00 00 00 00
18.892618 6C A7 39 C6 00 00 00 00 00
18.912673 6C A7 39 C6 00 00 00 00 00
18.932729 6C A7 39 C6 00 00 00 00 00
18.952785 6C A7 39 C6 00 00 00 00 00
18.972841 6C A7 39 C6 00 00 00 00 00
18.992897 6C A7 39 C6 00 00 00 00 00
19.012953 6C A7 39 C6 00 00 00 00 00
19.033009 79 A8 39 C6 00 00 00 00 00
19.053064 79 A8 39 C6 00 00 00 00 00
19.073120 79 A8 39 C6 00 00 00 00 00
19.093176 79 A8 39 C6 00 00 00 00 00
19.113232 79 A8 39 C6 00 00 00 00 00
19.133288 79 A7 39 C5 00 00 00 00 00
19.153344 79 A7 39 C5 00 00 00 00 00
19.173400 79 A7 39 C5 00 00 00 00 00
19.193455 79 A7 39 C5 00 00 00 00 00
19.213511 79 A7 39 C5 00 00 00 00 00
19.233567 79 A7 39 C5 00 00 00 00 00
19.253623 79 A7 39 C5 00 00 00 00 00
19.273679 79 A7 39 C5 00 00 00 00 00
19.293735 79 A7 39 C5 00 00 00 00 00
19.313791 79 A7 39 C5 00 00 00 00 00
19.333846 79 A7 39 C5 00 00 00 00 00
19.353902 6C A8 39 C5 00 00 00 00 00
19.373958 6C A8 39 C5 00 00 00 00 00
19.394014 6C A8 39 C5 00 00 00 00 00
19.414070 6C A7 39 C4 00 00 00 00 00
19.434126 6C A7 39 C4 00 00 00 00 00
19.454182 6C A7 39 C4 00 00 00 00 00
19.474237 6C A7 39 C4 00 00 00 00 00
19.494293 6C A7 39 C4 00 00 00 00 00
19.514349 6C A7 39 C4 00 00 00 00 00
19.534405 6C A7 39 C4 00 00 00 00 00
19.554461 6C A7 39 C4 00 00 00 00 00
19.574517 6C A7 39 C4 00 00 00 00 00
19.594573 6C A7 39 C4 00 00 00 00 00
19.614628 6C A7 39 C4 00 00 00 00 00
19.634684 6C A7 39 C4 00 00 00 00 00
19.654740 6C A7 39 C4 00 00 00 00 00
19.674796 6C A8 57 C8 00 00 00 00 00
19.694852 6C A7 57 C7 00 00 00 00 00
19.714908 6C A7 57 C7 00 00 00 00 00
19.734964 6C A7 57 C7 00 00 00 00 00
19.755019 6C A7 57 C7 00 00 00 00 00
19.775075 6C A7 57 C7 00 00 00 00 00
19.795131 6C A7 57 C7 00 00 00 00 00
19.815187 6C A7 57 C7 00 00 00 00 00
19.835243 6C A7 57 C7 00 00 00 00 00
19.855299 6C A7 57 C7 00 00 00 00 00
19.875355 6C A7 57 C7 00 00 00 00 00
19.895410 6C A7 57 C7 00 00 00 00 00
19.915466 6C A7 57 C7 00 00 00 00 00
19.935522 6C A7 57 C7 00 00 00 00 00
19.955578 6C A7 57 C7 00 00 00 00 00
19.975634 6C A6 57 C6 00 00 00 00 00
19.995690 6C A6 57 C6 00 00 00 00 00
20.015746 6C A6 57 C6 00 00 00 00 00
20.035801 6C A6 57 C6 00 00 00 00 00
20.055857 6C A6 57 C6 00 00 00 00 00
20.075913 6C A6 57 C6 00 00 00 00 00
20.095969 6C A6 57 C6 00 00 00 00 00
20.116025 6C A6 57 C6 00 00 00 00 00
20.136081 6C A6 57 C6 00 00 00 00 00
20.156137 6C A6 57 C6 00 00 00 00 00
20.176192 6C A6 57 C6 00 00 00 00 00
20.196248 6C A6 57 C6 00 00 00 00 00
20.216304 6C A6 57 C6 00 00 00 00 00
20.236360 6C A6 57 C6 00 00 00 00 00
20.256416 6C A5 57 C5 00 00 00 00 00
20.276472 6C A5 57 C5 00 00 00 00 00
20.296528 6C A5 57 C5 00 00 00 00 00
20.316583 6C A5 57 C5 00 00 00 00 00
20.336639 6C A5 57 C5 00 00 00 00 00
20.356695 6C A5 57 C5 00 00 00 00 00
20.376751 6C A5 57 C5 00 00 00 00 00
20.396807 6C A5 57 C5 00 00 00 00 00
20.416863 6C A5 57 C5 00 00 00 00 00
20.436919 6C A5 57 C5 00 00 00 00 00
20.456974 6C A5 57 C5 00 00 00 00 00
20.477030 6C A5 57 C5 00 00 00 00 00
20.497086 6C A5 57 C5 00 00 00 00 00
20.517142 6C A5 57 C5 00 00 00 00 00
20.537198 6C A4 57 C4 00 00 00 00 00
20.557254 6C A4 57 C4 00 00 00 00 00
20.577310 6C A4 57 C4 00 00 00 00 00
20.597365 6C A4 57 C4 00 00 00 00 00
20.617421 6C A4 57 C4 00 00 00 00 00
20.637477 6C A4 57 C4 00 00 00 00 00
20.657533 6C A4 57 C4 00 00 00 00 00
20.677589 6C A4 57 C4 00 00 00 00 00
20.697645 6C A4 57 C4 00 00 00 00 00
20.717701 6C A4 57 C4 00 00 00 00 00
20.737756 6C A4 57 C4 00 00 00 00 00
20.757812 6C A4 57 C4 00 00 00 00 00
20.777868 6C A4 57 C4 00 00 00 00 00
20.797924 6C A4 57 C4 00 00 00 00 00
20.817980 6C A3 57 C3 00 00 00 00 00
20.838036 6C A3 57 C3 00 00 00 00 00
20.858092 6C A3 57 C3 00 00 00 00 00
20.878147 6C A3 57 C3 00 00 00 00 00
20.898203 6C A3 57 C3 00 00 00 00 00
20.918259 6C A3 57 C3 00 00 00 00 00
20.938315 6C A3 57 C3 00 00 00 00 00
20.958371 5B A8 39 C8 00 00 00 00 00
20.978427 5B A8 39 C8 00 00 00 00 00
20.998483 5B A8 39 C8 00 00 00 00 00
21.018538 5B A8 39 C8 00 00 00 00 00
21.038594 5B A8 39 C8 00 00 00 00 00
21.058650 5B A8 39 C8 00 00 00 00 00
21.078706 5B A8 39 C8 00 00 00 00 00
21.098762 5B A7 39 C7 00 00 00 00 00
21.118818 5B A7 39 C7 00 00 00 00 00
21.138874 5B A7 39 C7 00 00 00 00 00
21.158929 5B A7 39 C7 00 00 00 00 00
21.178985 5B A7 39 C7 00 00 00 00 00
21.199041 5B A7 39 C7 00 00 00 00 00
21.219097 5B A7 39 C7 00 00 00 00 00
21.239153 5B A7 39 C7 00 00 00 00 00
21.259209 5B A7 39 C7 00 00 00 00 00
21.279265 6C A8 39 C7 00 00 00 00 00
21.299320 6C A8 39 C7 00 00 00 00 00
21.319376 6C A8 39 C7 00 00 00 00 00
21.339432 6C A8 39 C7 00 00 00 00 00
21.359488 6C A8 39 C7 00 00 00 00 00
21.379544 6C A7 39 C6 00 00 00 00 00
21.399600 6C A7 39 C6 00 00 00 00 00
21.419656 6C A7 39 C6 00 00 00 00 00
21.439711 6C A7 39 C6 00 00 00 00 00
21.459767 6C A7 39 C6 00 00 00 00 00
21.479823 6C A7 39 C6 00 00 00 00 00
21.499879 6C A7 39 C6 00 00 00 00 00
21.519935 6C A7 39 C6 00 00 00 00 00
21.539991 6C A7 39 C6 00 00 00 00 00
21.560047 6C A7 39 C6 00 00 00 00 00
21.580102 6C A7 39 C6 00 00 00 00 00
21.600158 79 A8 39 C6 00 00 00 00 00
21.620214 79 A8 39 C6 00 00 00 00 00
21.640270 79 A8 39 C6 00 00 00 00 00
21.660326 79 A7 39 C5 00 00 00 00 00
21.680382 79 A7 39 C5 00 00 00 00 00
21.700438 79 A7 39 C5 00 00 00 00 00
21.720493 79 A7 39 C5 00 00 00 00 00
21.740549 79 A7 39 C5 00 00 00 00 00
21.760605 79 A7 39 C5 00 00 00 00 00
21.780661 79 A7 39 C5 00 00 00 00 00
21.800717 79 A7 39 C5 00 00 00 00 00
21.820773 79 A7 39 C5 00 00 00 00 00
21.840829 79 A7 39 C5 00 00 00 00 00
21.860884 79 A7 39 C5 00 00 00 00 00
21.880940 79 A7 39 C5 00 00 00 00 00
21.900996 79 A7 39 C5 00 00 00 00 00
21.921052 79 A7 39 C5 00 00 00 00 00
21.941108 79 A6 39 C4 00 00 00 00 00
21.961164 79 A6 39 C4 00 00 00 00 00
21.981220 79 A6 39 C4 00 00 00 00 00
22.001275 79 A6 39 C4 00 00 00 00 00
22.021331 79 A6 39 C4 00 00 00 00 00
22.041387 79 A6 39 C4 00 00 00 00 00
22.061443 79 A6 39 C4 00 00 00 00 00
22.081499 79 A6 39 C4 00 00 00 00 00
22.101555 79 A6 39 C4 00 00 00 00 00
22.121611 79 A6 39 C4 00 00 00 00 00
22.141666 79 A6 39 C4 00 00 00 00 00
22.161722 79 A6 39 C4 00 00 00 00 00
22.181778 79 A6 39 C4 00 00 00 00 00
22.201834 79 A6 39 C4 00 00 00 00 00
22.221890 79 A5 39 C3 00 00 00 00 00
22.241946 6C A8 57 C8 00 00 00 00 00
22.262002 6C A8 57 C8 00 00 00 00 00
22.282057 6C A8 57 C8 00 00 00 00 00
22.302113 6C A8 57 C8 00 00 00 00 00
22.322169 6C A8 57 C8 00 00 00 00 00
22.342225 6C A8 57 C8 00 00 00 00 00
22.362281 6C A8 57 C8 00 00 00 00 00
22.382337 6C A8 57 C8 00 00 00 00 00
22.402393 6C A8 57 C8 00 00 00 00 00
22.422448 6C A8 57 C8 00 00 00 00 00
22.442504 6C A8 57 C8 00 00 00 00 00
22.462560 6C A8 57 C8 00 00 00 00 00
22.482616 6C A8 57 C8 00 00 00 00 00
22.502672 6C A7 57 C7 00 00 00 00 00
22.522728 6C A7 57 C7 00 00 00 00 00
22.542784 6C A7 57 C7 00 00 00 00 00
22.562839 6C A7 57 C7 00 00 00 00 00
22.582895 6C A7 57 C7 00 00 00 00 00
22.602951 6C A7 57 C7 00 00 00 00 00
22.623007 6C A7 57 C7 00 00 00 00 00
22.643063 6C A7 57 C7 00 00 00 00 00
22.663119 6C A7 57 C7 00 00 00 00 00
22.683175 6C A7 57 C7 00 00 00 00 00
22.703230 6C A7 57 C7 00 00 00 00 00
22.723286 6C A7 57 C7 00 00 00 00 00
22.743342 6C A7 57 C7 00 00 00 00 00
22.763398 6C A7 57 C7 00 00 00 00 00
22.783454 6C A6 57 C6 00 00 00 00 00
22.803510 6C A6 57 C6 00 00 00 00 00
22.823566 6C A6 57 C6 00 00 00 00 00
22.843621 6C A6 57 C6 00 00 00 00 00
22.863677 6C A6 57 C6 00 00 00 00 00
22.883733 6C A6 57 C6 00 00 00 00 00
22.903789 6C A6 57 C6 00 00 00 00 00
22.923845 6C A6 57 C6 00 00 00 00 00
22.943901 6C A6 57 C6 00 00 00 00 00
22.963957 6C A6 57 C6 00 00 00 00 00
22.984012 6C A6 57 C6 00 00 00 00 00
23.004068 6C A6 57 C6 00 00 00 00 00
23.024124 6C A6 57 C6 00 00 00 00 00
23.044180 6C A6 57 C6 00 00 00 00 00
23.064236 6C A5 57 C5 00 00 00 00 00
23.084292 6C A5 57 C5 00 00 00 00 00
23.104348 6C A5 57 C5 00 00 00 00 00
23.124403 6C A5 57 C5 00 00 00 00 00
23.144459 6C A5 57 C5 00 00 00 00 00
23.164515 6C A5 57 C5 00 00 00 00 00
23.184571 6C A5 57 C5 00 00 00 00 00
23.204627 6C A5 57 C5 00 00 00 00 00
23.224683 6C A5 57 C5 00 00 00 00 00
23.244739 6C A5 57 C5 00 00 00 00 00
23.264794 6C A5 57 C5 00 00 00 00 00
23.284850 6C A5 57 C5 00 00 00 00 00
23.304906 6C A5 57 C5 00 00 00 00 00
23.324962 6C A5 57 C5 00 00 00 00 00
23.345018 6C A4 57 C4 00 00 00 00 00
23.365074 6C A4 57 C4 00 00 00 00 00
23.385130 6C A4 57 C4 00 00 00 00 00
23.405185 6C A4 57 C4 00 00 00 00 00
23.425241 6C A4 57 C4 00 00 00 00 00
23.445297 6C A4 57 C4 00 00 00 00 00
23.465353 6C A4 57 C4 00 00 00 00 00
23.485409 6C A4 57 C4 00 00 00 00 00
23.505465 6C A4 57 C4 00 00 00 00 00
23.525521 79 A8 4C C8 00 00 00 00 00
23.545576 79 A8 4C C8 00 00 00 00 00
23.565632 79 A8 4C C8 00 00 00 00 00
23.585688 79 A8 4C C8 00 00 00 00 00
23.605744 79 A8 4C C8 00 00 00 00 00
23.625800 79 A7 4C C7 00 00 00 00 00
23.645856 79 A7 4C C7 00 00 00 00 00
23.665912 79 A7 4C C7 00 00 00 00 00
23.685967 79 A7 4C C7 00 00 00 00 00
23.706023 79 A7 4C C7 00 00 00 00 00
23.726079 79 A7 4C C7 00 00 00 00 00
23.746135 79 A7 4C C7 00 00 00 00 00
23.766191 79 A7 4C C7 00 00 00 00 00
23.786247 79 A7 4C C7 00 00 00 00 00
23.806303 79 A7 4C C7 00 00 00 00 00
23.826358 79 A7 4C C7 00 00 00 00 00
23.846414 88 A8 4C C7 00 00 00 00 00
23.866470 88 A8 4C C7 00 00 00 00 00
23.886526 88 A8 4C C7 00 00 00 00 00
23.906582 88 A7 4C C6 00 00 00 00 00
23.926638 88 A7 4C C6 00 00 00 00 00
23.946694 88 A7 4C C6 00 00 00 00 00
23.966749 88 A7 4C C6 00 00 00 00 00
23.986805 88 A7 4C C6 00 00 00 00 00
24.006861 88 A7 4C C6 00 00 00 00 00
24.026917 88 A7 4C C6 00 00 00 00 00
24.046973 88 A7 4C C6 00 00 00 00 00
24.067029 88 A7 4C C6 00 00 00 00 00
24.087085 88 A7 4C C6 00 00 00 00 00
24.107141 88 A7 4C C6 00 00 00 00 00
24.127196 88 A7 4C C6 00 00 00 00 00
24.147252 88 A7 4C C6 00 00 00 00 00
24.167308 B6 A8 4C C8 00 00 00 00 00
24.187364 B6 A7 4C C7 00 00 00 00 00
24.207420 B6 A7 4C C7 00 00 00 00 00
24.227476 B6 A7 4C C7 00 00 00 00 00
24.247532 B6 A7 4C C7 00 00 00 00 00
24.267587 B6 A7 4C C7 00 00 00 00 00
24.287643 B6 A7 4C C7 00 00 00 00 00
24.307699 B6 A7 4C C7 00 00 00 00 00
24.327755 B6 A7 4C C7 00 00 00 00 00
24.347811 B6 A7 4C C7 00 00 00 00 00
24.367867 B6 A7 4C C7 00 00 00 00 00
24.387923 B6 A7 4C C7 00 00 00 00 00
24.407978 B6 A7 4C C7 00 00 00 00 00
24.428034 B6 A7 4C C7 00 00 00 00 00
24.448090 B6 A7 4C C7 00 00 00 00 00
24.468146 B6 A6 4C C6 00 00 00 00 00
24.488202 B6 A6 4C C6 00 00 00 00 00
24.508258 B6 A6 4C C6 00 00 00 00 00
24.528314 B6 A6 4C C6 00 00 00 00 00
24.548369 B6 A6 4C C6 00 00 00 00 00
24.568425 B6 A6 4C C6 00 00 00 00 00
24.588481 B6 A6 4C C6 00 00 00 00 00
24.608537 B6 A6 4C C6 00 00 00 00 00
24.628593 B6 A6 4C C6 00 00 00 00 00
24.648649 B6 A6 4C C6 00 00 00 00 00
24.668705 B6 A6 4C C6 00 00 00 00 00
24.688760 B6 A6 4C C6 00 00 00 00 00
24.708816 B6 A6 4C C6 00 00 00 00 00
24.728872 B6 A6 4C C6 00 00 00 00 00
24.748928 B6 A5 4C C5 00 00 00 00 00
24.768984 B6 A5 4C C5 00 00 00 00 00
24.789040 B6 A5 4C C5 00 00 00 00 00
24.809096 A2 A8 57 C8 00 00 00 00 00
24.829151 A2 A8 57 C8 00 00 00 00 00
24.849207 A2 A8 57 C8 00 00 00 00 00
24.869263 A2 A8 57 C8 00 00 00 00 00
24.889319 A2 A8 57 C8 00 00 00 00 00
24.909375 A2 A8 57 C8 00 00 00 00 00
24.929431 A2 A8 57 C8 00 00 00 00 00
24.949487 A2 A8 57 C8 00 00 00 00 00
24.969542 A2 A8 57 C8 00 00 00 00 00
24.989598 A2 A8 57 C8 00 00 00 00 00
25.009654 A2 A8 57 C8 00 00 00 00 00
25.029710 A2 A7 57 C7 00 00 00 00 00
25.049766 A2 A7 57 C7 00 00 00 00 00
25.069822 A2 A7 57 C7 00 00 00 00 00
25.089878 A2 A7 57 C7 00 00 00 00 00
25.109933 A2 A7 57 C7 00 00 00 00 00
25.129989 A2 A7 57 C7 00 00 00 00 00
25.150045 A2 A7 57 C7 00 00 00 00 00
25.170101 A2 A7 57 C7 00 00 00 00 00
25.190157 A2 A7 57 C7 00 00 00 00 00
25.210213 A2 A7 57 C7 00 00 00 00 00
25.230269 A2 A7 57 C7 00 00 00 00 00
25.250324 A2 A7 57 C7 00 00 00 00 00
25.270380 A2 A7 57 C7 00 00 00 00 00
25.290436 A2 A7 57 C7 00 00 00 00 00
25.310492 A2 A6 57 C6 00 00 00 00 00
25.330548 A2 A6 57 C6 00 00 00 00 00
25.350604 A2 A6 57 C6 00 00 00 00 00
25.370660 A2 A6 57 C6 00 00 00 00 00
25.390715 A2 A6 57 C6 00 00 00 00 00
25.410771 A2 A6 57 C6 00 00 00 00 00
25.430827 A2 A6 57 C6 00 00 00 00 00
25.450883 A2 A6 57 C6 00 00 00 00 00
25.470939 A2 A6 57 C6 00 00 00 00 00
25.490995 A2 A6 57 C6 00 00 00 00 00
25.511051 A2 A6 57 C6 00 00 00 00 00
25.531106 A2 A6 57 C6 00 00 00 00 00
25.551162 A2 A6 57 C6 00 00 00 00 00
25.571218 A2 A6 57 C6 00 00 00 00 00
25.591274 A2 A5 57 C5 00 00 00 00 00
25.611330 A2 A5 57 C5 00 00 00 00 00
25.631386 A2 A5 57 C5 00 00 00 00 00
25.651442 A2 A5 57 C5 00 00 00 00 00
25.671497 A2 A5 57 C5 00 00 00 00 00
25.691553 A2 A5 57 C5 00 00 00 00 00
25.711609 A2 A5 57 C5 00 00 00 00 00
25.731665 A2 A5 57 C5 00 00 00 00 00
25.751721 A2 A5 57 C5 00 00 00 00 00
25.771777 A2 A5 57 C5 00 00 00 00 00
25.791833 A2 A5 57 C5 00 00 00 00 00
25.811888 A2 A5 57 C5 00 00 00 00 00
25.831944 A2 A5 57 C5 00 00 00 00 00
25.852000 A2 A5 57 C5 00 00 00 00 00
25.872056 A2 A4 57 C4 00 00 00 00 00
25.892112 A2 A4 57 C4 00 00 00 00 00
25.912168 A2 A4 57 C4 00 00 00 00 00
25.932224 A2 A4 57 C4 00 00 00 00 00
25.952279 A2 A4 57 C4 00 00 00 00 00
25.972335 A2 A4 57 C4 00 00 00 00 00
25.992391 A2 A4 57 C4 00 00 00 00 00
26.012447 A2 A4 57 C4 00 00 00 00 00
26.032503 A2 A4 57 C4 00 00 00 00 00
26.052559 A2 A4 57 C4 00 00 00 00 00
26.072615 A2 A4 57 C4 00 00 00 00 00
26.092670 5B A8 39 C8 00 00 00 00 00
26.112726 5B A8 39 C8 00 00 00 00 00
26.132782 5B A8 39 C8 00 00 00 00 00
26.152838 5B A7 39 C7 00 00 00 00 00
26.172894 5B A7 39 C7 00 00 00 00 00
26.192950 5B A7 39 C7 00 00 00 00 00
26.213006 5B A7 39 C7 00 00 00 00 00
26.233061 5B A7 39 C7 00 00 00 00 00
26.253117 5B A7 39 C7 00 00 00 00 00
26.273173 5B A7 39 C7 00 00 00 00 00
26.293229 5B A7 39 C7 00 00 00 00 00
26.313285 5B A7 39 C7 00 00 00 00 00
26.333341 5B A7 39 C7 00 00 00 00 00
26.353397 5B A7 39 C7 00 00 00 00 00
26.373452 5B A7 39 C7 00 00 00 00 00
26.393508 5B A7 39 C7 00 00 00 00 00
26.413564 5B A7 30 C8 00 00 00 00 00
26.433620 5B A6 30 C7 00 00 00 00 00
26.453676 5B A6 30 C7 00 00 00 00 00
26.473732 5B A6 30 C7 00 00 00 00 00
26.493788 5B A6 30 C7 00 00 00 00 00
26.513843 5B A6 30 C7 00 00 00 00 00
26.533899 5B A6 30 C7 00 00 00 00 00
26.553955 5B A6 30 C7 00 00 00 00 00
26.574011 5B A6 30 C7 00 00 00 00 00
26.594067 5B A6 30 C7 00 00 00 00 00
26.614123 5B A6 30 C7 00 00 00 00 00
26.634179 5B A6 30 C7 00 00 00 00 00
26.654234 5B A6 30 C7 00 00 00 00 00
26.674290 5B A6 30 C7 00 00 00 00 00
26.694346 5B A6 30 C7 00 00 00 00 00
26.714402 5B A5 30 C6 00 00 00 00 00
26.734458 6C A8 4C C8 00 00 00 00 00
26.754514 6C A8 4C C8 00 00 00 00 00
26.774570 6C A8 4C C8 00 00 00 00 00
26.794625 6C A8 4C C8 00 00 00 00 00
26.814681 6C A8 4C C8 00 00 00 00 00
26.834737 6C A8 4C C8 00 00 00 00 00
26.854793 6C A8 4C C8 00 00 00 00 00
26.874849 6C A8 4C C8 00 00 00 00 00
26.894905 6C A8 4C C8 00 00 00 00 00
26.914961 6C A8 4C C8 00 00 00 00 00
26.935016 6C A8 4C C8 00 00 00 00 00
26.955072 6C A8 4C C8 00 00 00 00 00
26.975128 6C A8 4C C8 00 00 00 00 00
26.995184 6C A7 4C C7 00 00 00 00 00
27.015240 6C A7 4C C7 00 00 00 00 00
27.035296 6C A7 4C C7 00 00 00 00 00
27.055352 6C A7 39 C8 00 00 00 00 00
27.075407 6C A7 39 C8 00 00 00 00 00
27.095463 6C A7 39 C8 00 00 00 00 00
27.115519 6C A7 39 C8 00 00 00 00 00
27.135575 6C A7 39 C8 00 00 00 00 00
27.155631 6C A7 39 C8 00 00 00 00 00
27.175687 6C A7 39 C8 00 00 00 00 00
27.195743 6C A7 39 C8 00 00 00 00 00
27.215798 6C A7 39 C8 00 00 00 00 00
27.235854 6C A7 39 C8 00 00 00 00 00
27.255910 6C A7 39 C8 00 00 00 00 00
27.275966 6C A6 39 C7 00 00 00 00 00
27.296022 6C A6 39 C7 00 00 00 00 00
27.316078 6C A6 39 C7 00 00 00 00 00
27.336134 6C A6 39 C7 00 00 00 00 00
27.356189 6C A6 39 C7 00 00 00 00 00
27.376245 51 A8 3F C8 00 00 00 00 00
27.396301 51 A8 3F C8 00 00 00 00 00
27.416357 51 A8 3F C8 00 00 00 00 00
27.436413 51 A8 3F C8 00 00 00 00 00
27.456469 51 A8 3F C8 00 00 00 00 00
27.476525 51 A8 3F C8 00 00 00 00 00
27.496580 51 A8 3F C8 00 00 00 00 00
27.516636 51 A8 3F C8 00 00 00 00 00
27.536692 51 A8 3F C8 00 00 00 00 00
27.556748 51 A7 3F C7 00 00 00 00 00
27.576804 51 A7 3F C7 00 00 00 00 00
27.596860 51 A7 3F C7 00 00 00 00 00
27.616916 51 A7 3F C7 00 00 00 00 00
27.636971 51 A7 3F C7 00 00 00 00 00
27.657027 51 A7 3F C7 00 00 00 00 00
27.677083 51 A7 3F C7 00 00 00 00 00
27.697139 51 A7 34 C8 00 00 00 00 00
27.717195 51 A7 34 C8 00 00 00 00 00
27.737251 51 A7 34 C8 00 00 00 00 00
27.757307 51 A7 34 C8 00 00 00 00 00
27.777362 51 A7 34 C8 00 00 00 00 00
27.797418 51 A7 34 C8 00 00 00 00 00
27.817474 51 A7 34 C8 00 00 00 00 00
27.837530 51 A6 34 C7 00 00 00 00 00
27.857586 51 A6 34 C7 00 00 00 00 00
27.877642 51 A6 34 C7 00 00 00 00 00
27.897698 51 A6 34 C7 00 00 00 00 00
27.917753 51 A6 34 C7 00 00 00 00 00
27.937809 51 A6 34 C7 00 00 00 00 00
27.957865 51 A6 34 C7 00 00 00 00 00
27.977921 51 A6 34 C7 00 00 00 00 00
27.997977 51 A6 34 C7 00 00 00 00 00
28.018033 51 A6 57 C8 00 00 00 00 00
28.038089 51 A6 57 C8 00 00 00 00 00
28.058144 51 A6 57 C8 00 00 00 00 00
28.078200 51 A6 57 C8 00 00 00 00 00
28.098256 51 A6 57 C8 00 00 00 00 00
28.118312 51 A5 57 C7 00 00 00 00 00
28.138368 51 A5 57 C7 00 00 00 00 00
28.158424 51 A5 57 C7 00 00 00 00 00
28.178480 51 A5 57 C7 00 00 00 00 00
28.198535 51 A5 57 C7 00 00 00 00 00
28.218591 51 A5 57 C7 00 00 00 00 00
28.238647 51 A5 57 C7 00 00 00 00 00
28.258703 51 A5 57 C7 00 00 00 00 00
28.278759 51 A5 57 C7 00 00 00 00 00
28.298815 51 A5 57 C7 00 00 00 00 00
28.318871 51 A5 57 C7 00 00 00 00 00
28.338926 51 A5 3F C8 00 00 00 00 00
28.358982 51 A5 3F C8 00 00 00 00 00
28.379038 51 A5 3F C8 00 00 00 00 00
28.399094 51 A4 3F C7 00 00 00 00 00
28.419150 51 A4 3F C7 00 00 00 00 00
28.439206 51 A4 3F C7 00 00 00 00 00
28.459262 51 A4 3F C7 00 00 00 00 00
28.479317 51 A4 3F C7 00 00 00 00 00
28.499373 51 A4 3F C7 00 00 00 00 00
28.519429 51 A4 3F C7 00 00 00 00 00
28.539485 51 A4 3F C7 00 00 00 00 00
28.559541 51 A4 3F C7 00 00 00 00 00
28.579597 51 A4 3F C7 00 00 00 00 00
28.599653 51 A4 3F C7 00 00 00 00 00
28.619708 51 A4 3F C7 00 00 00 00 00
28.639764 51 A4 3F C7 00 00 00 00 00
28.659820 2D A8 48 C8 00 00 00 00 00
28.679876 2D A7 48 C7 00 00 00 00 00
28.699932 2D A7 48 C7 00 00 00 00 00
28.719988 2D A7 48 C7 00 00 00 00 00
28.740044 2D A7 48 C7 00 00 00 00 00
28.760099 2D A7 48 C7 00 00 00 00 00
28.780155 2D A7 48 C7 00 00 00 00 00
28.800211 2D A7 48 C7 00 00 00 00 00
28.820267 2D A7 48 C7 00 00 00 00 00
28.840323 2D A7 48 C7 00 00 00 00 00
28.860379 2D A7 48 C7 00 00 00 00 00
28.880435 2D A7 48 C7 00 00 00 00 00
28.900490 2D A7 48 C7 00 00 00 00 00
28.920546 2D A7 48 C7 00 00 00 00 00
28.940602 2D A7 48 C7 00 00 00 00 00
28.960658 2D A6 48 C6 00 00 00 00 00
28.980714 35 A8 39 C8 00 00 00 00 00
29.000770 35 A8 39 C8 00 00 00 00 00
29.020826 35 A8 39 C8 00 00 00 00 00
29.040881 35 A8 39 C8 00 00 00 00 00
29.060937 35 A8 39 C8 00 00 00 00 00
29.080993 35 A8 39 C8 00 00 00 00 00
29.101049 35 A8 39 C8 00 00 00 00 00
29.121105 35 A8 39 C8 00 00 00 00 00
29.141161 35 A8 39 C8 00 00 00 00 00
29.161217 35 A8 39 C8 00 00 00 00 00
29.181272 35 A8 39 C8 00 00 00 00 00
29.201328 35 A8 39 C8 00 00 00 00 00
29.221384 35 A8 39 C8 00 00 00 00 00
29.241440 35 A7 39 C7 00 00 00 00 00
29.261496 35 A7 39 C7 00 00 00 00 00
29.281552 35 A7 39 C7 00 00 00 00 00
29.301608 2D A8 61 C8 00 00 00 00 00
29.321663 2D A8 61 C8 00 00 00 00 00
29.341719 2D A8 61 C8 00 00 00 00 00
29.361775 2D A8 61 C8 00 00 00 00 00
29.381831 2D A8 61 C8 00 00 00 00 00
29.401887 2D A8 61 C8 00 00 00 00 00
29.421943 2D A8 61 C8 00 00 00 00 00
29.441999 2D A8 61 C8 00 00 00 00 00
29.462054 2D A8 61 C8 00 00 00 00 00
29.482110 2D A8 61 C8 00 00 00 00 00
29.502166 2D A8 61 C8 00 00 00 00 00
29.522222 2D A7 61 C7 00 00 00 00 00
29.542278 2D A7 61 C7 00 00 00 00 00
29.562334 2D A7 61 C7 00 00 00 00 00
29.582390 2D A7 61 C7 00 00 00 00 00
29.602445 2D A7 61 C7 00 00 00 00 00
29.622501 2D A7 48 C8 00 00 00 00 00
29.642557 2D A7 48 C8 00 00 00 00 00
29.662613 2D A7 48 C8 00 00 00 00 00
29.682669 2D A7 48 C8 00 00 00 00 00
29.702725 2D A7 48 C8 00 00 00 00 00
29.722781 2D A7 48 C8 00 00 00 00 00
29.742836 2D A7 48 C8 00 00 00 00 00
29.762892 2D A7 48 C8 00 00 00 00 00
29.782948 2D A7 48 C8 00 00 00 00 00
29.803004 2D A6 48 C7 00 00 00 00 00
29.823060 2D A6 48 C7 00 00 00 00 00
29.843116 2D A6 48 C7 00 00 00 00 00
29.863172 2D A6 48 C7 00 00 00 00 00
29.883227 2D A6 48 C7 00 00 00 00 00
29.903283 2D A6 48 C7 00 00 00 00 00
29.923339 2D A6 48 C7 00 00 00 00 00
29.943395 2D A8 4C C8 00 00 00 00 00
29.963451 2D A8 4C C8 00 00 00 00 00
29.983507 2D A8 4C C8 00 00 00 00 00
30.003563 2D A8 4C C8 00 00 00 00 00
30.023618 2D A8 4C C8 00 00 00 00 00
30.043674 2D A8 4C C8 00 00 00 00 00
30.063730 2D A8 4C C8 00 00 00 00 00
30.083786 2D A7 4C C7 00 00 00 00 00
30.103842 2D A7 4C C7 00 00 00 00 00
30.123898 2D A7 4C C7 00 00 00 00 00
30.143954 2D A7 4C C7 00 00 00 00 00
30.164009 2D A7 4C C7 00 00 00 00 00
30.184065 2D A7 4C C7 00 00 00 00 00
30.204121 2D A7 4C C7 00 00 00 00 00
30.224177 2D A7 4C C7 00 00 00 00 00
30.244233 2D A7 4C C7 00 00 00 00 00
30.264289 2D A7 4C C7 00 00 00 00 00
30.284345 2D A7 4C C7 00 00 00 00 00
30.304400 2D A7 4C C7 00 00 00 00 00
30.324456 2D A7 4C C7 00 00 00 00 00
30.344512 2D A7 4C C7 00 00 00 00 00
30.364568 2D A6 4C C6 00 00 00 00 00
30.384624 2D A6 4C C6 00 00 00 00 00
30.404680 2D A6 4C C6 00 00 00 00 00
30.424736 2D A6 4C C6 00 00 00 00 00
30.444791 2D A6 4C C6 00 00 00 00 00
30.464847 2D A6 4C C6 00 00 00 00 00
30.484903 2D A6 4C C6 00 00 00 00 00
30.504959 2D A6 4C C6 00 00 00 00 00
30.525015 2D A6 4C C6 00 00 00 00 00
30.545071 2D A6 4C C6 00 00 00 00 00
30.565127 2D A6 4C C6 00 00 00 00 00
30.585182 28 A8 57 C8 00 00 00 00 00
30.605238 28 A8 57 C8 00 00 00 00 00
30.625294 28 A8 57 C8 00 00 00 00 00
30.645350 28 A7 57 C7 00 00 00 00 00
30.665406 28 A7 57 C7 00 00 00 00 00
30.685462 28 A7 57 C7 00 00 00 00 00
30.705518 28 A7 57 C7 00 00 00 00 00
30.725573 28 A7 57 C7 00 00 00 00 00
30.745629 28 A7 57 C7 00 00 00 00 00
30.765685 28 A7 57 C7 00 00 00 00 00
30.785741 28 A7 57 C7 00 00 00 00 00
30.805797 28 A7 57 C7 00 00 00 00 00
30.825853 28 A7 57 C7 00 00 00 00 00
30.845909 28 A7 57 C7 00 00 00 00 00
30.865964 28 A7 57 C7 00 00 00 00 00
30.886020 28 A7 57 C7 00 00 00 00 00
30.906076 28 A7 57 C7 00 00 00 00 00
30.926132 28 A6 57 C6 00 00 00 00 00
30.946188 28 A6 57 C6 00 00 00 00 00
30.966244 28 A6 57 C6 00 00 00 00 00